1.375	4
1.46875	11
1.5625	11
1.5625	16
1.65625 19
1.75	4
1.75	23
1.84375	16
1.9375	11
1.9375	19
2.03125	23
2.125	4
2.125	28
2.21875	19
2.3125	11
2.3125	23
2.40625	28
2.5 	4
2.5 	31
2.59375	23
2.6875	11
2.6875	28
2.78125 31
2.875	4
2.875 	23
2.96875 16
3.0625	11
3.0625	19
3.15625 23
3.25	4
3.25 	28
3.34375 19
3.4375	11
3.4375  23
3.53125 28
3.625	4
3.625 	31
3.71875 23
3.8125	11
3.8125 	28
3.90625 31
4 		4
4 		16
4 		23
4 		28
4 		31
4 		35
4.1875 	11
4.1875	23
4.1875	28
4.1875	31
4.1875	35
4.375 	3
4.46875 11
4.5625 	11
4.5625 	15
4.65625 18
4.75 	3
4.75 	23
4.84375 15
4.9375 	11
4.9375 	18
5.03125	23
5.125 	3
5.125 	27
5.21875 18
5.3125 	11
5.3125 	23
5.40625 27
5.5 	3
5.5 	30
5.59375 23
5.6875 	11
5.6875	27
5.78125 30
5.875 	3
5.875 	23
5.96875 15
6.0625 	11
6.0625 	18
6.15625 23
6.25 	3
6.25 	27
6.34375 18
6.4375 	11
6.4375	23
6.53125 27
6.625 	3
6.625 	30
6.71875 23
6.8125 	11
6.8125 	27
6.90625	30
7.0 	3
7.0 	15
7.0 	23
7.0 	27
7.0 	30
7.0 	35
7.1875  11
7.1875	23
7.1875	27
7.1875	30
7.1875	35
7.375 	2
7.46875 16
7.5625 	11
7.5625 	20
7.65625 23
7.75 	2
7.75 	28
7.84375 20
7.9375 	11
7.9375	23
8.03125 28
8.125 	2
8.125 	32
8.21875 23
8.3125	11
8.3125 	28
8.40625	32
8.5 	2
8.5 	35
8.59375 28
8.6875	11
8.6875 	32
8.78125 35
8.875 	2
8.875 	28
8.96875	20
9.0625	11
9.0625	23
9.15625	28
9.25 	2
9.25 	32
9.34375 23
9.4375	11
9.4375 	28
9.53125	32
9.625 	2
9.625 	35
9.71875 28
9.8125	11
9.8125 	32
9.90625 35
10.0 	2
10.0 	14
10.0 	23
10.0 	28
10.0 	32
10.0 	35
10.1875	11
10.1875	23
10.1875	28
10.1875	32
10.1875	35
10.375 		0
10.46875 	16
10.5625 	12
10.5625 	19
10.65625 	24
10.75 		0
10.75 		16
10.84375 	16
10.9375 	12
10.9375 	19
11.03125 	24
11.125 	 	0
11.125 		28
11.21875	28
11.3125 	12
11.3125 	31
11.40625 	36
11.5 		0
11.5 		28
11.5 		31
11.5 		36
11.6875 	12
11.6875 	28
11.6875 	31
11.6875 	36
11.875 	 	0
11.96875	16
12.0625 	12
12.0625 	19
12.15625 	22
12.25 	 	0
12.25 		16
12.34375 	16
12.4375 	12
12.4375 	19
12.53125	22
12.625 		0
12.625 		28
12.71875	28
12.8125 	12
12.8125		31
12.90625	34
13.0 		0
13.0 		28
13.0 		31
13.0 		34
13.1875 	12
13.1875 	28
13.1875 	31
13.1875 	34
13.375 		11
13.375 		27
13.375 		33
13.375 		35
13.5625 	23
13.5625 	11
13.5625 	15 
13.65625 	35
13.75 		23 
13.75 		15
13.84375 	35
13.9375 	25
13.9375 	16
14.03125	35
14.125 		27
14.125 		18 		
14.21875	35
14.3125 	28
14.3125 	19
14.40625	35
14.5 		30
14.5 		21
14.59375	35
14.6875 	27
14.6875 	18
14.78125	35
14.875 		30
14.875 		21
14.96875	35
15.0625 	28
15.0625 	19
15.15625	35
15.25 		33
15.25 		24
15.34375	35
15.4375 	31
15.4375 	23
15.53125 	35
15.625 		30
15.625 		21
15.71875 	35
15.8125 	28
15.8125 	19
15.90625 	35
16.0 		27
16.0 		18
16.09375 	35
16.1875 	24
16.1875 	16
16.28125    34
16.375 27
16.375 33
16.375 35
16.5625 23
16.5625 11
16.5625 15
16.65625 35
16.75 23
16.75 15
16.84375 35
16.9375 25
16.9375 16
17.03125 35
17.125 27
17.125 18
17.21875 35
17.3125 28
17.3125 19
17.40625 35
17.5 30
17.5 21
17.59375 35
17.6875 27
17.6875 18
17.78125 35
17.875 30
17.875 21
17.96875 35
18.0625 28
18.0625 19
18.15625 35
18.25 33
18.25 24
18.34375 35
18.4375 31
18.4375 23
18.53125 35
18.625 30
18.625 21
18.71875 35
18.8125 28
18.8125 19
18.90625 35
19.0 27
19.0 18
19.09375 35
19.1875 24
19.1875 16
19.28125 34
19.375 	23
19.375  15
19.375 11
19.46875 35
19.5625 24
19.5625 16
19.5625 11
19.65625 34
19.75 23
19.75 15
19.75 11
19.84375 35
19.9375 24
19.9375 16
19.9375 11
20.03125 34
20.125 23
20.125 15
20.125 11
20.21875 35
20.3125 24
20.3125 16
20.3125 11
20.40625 34
20.5 23
20.5 15
20.5 11
20.59375 35
20.6875 24
20.6875 16
20.6875 11
20.78125 34
20.875 	11
20.875 	15
20.875 	23
20.875  35
21.55 	11
21.55 	23
21.55 	35
24 		-1